// Item Produce Database
//
// Structure of Database:
// ID,ProduceItemID,ItemLV,RequireSkill,RequireSkillLv,MaterialID1,MaterialAmount1,......
//
// Notes:
// - ID is used to identify item order that will be used for overwriting on db/import.
//   Value is started from 0 until 269 (MAX_PRODUCE_RESOURCE-1). Use same ID on import file to overwrite original result & requirements
// - To remove entry by importing, put 0 on 'ProduceItemID'
// - If MaterialAmount is 0, the player must have that item in their inventory (i.e. guides).
//   For example, Mine Bottle requires 0x Marine Sphere Creation Guide (ID 7131).

// 2019 kRO cooking system improvement override
// Cooking Lv1~Lv10 / produce IDs 52~111 (60 recipes)
// Cooking books remain required but are not consumed (amount 0); all consumed materials use amount 1.
52,12041,11,0,0,7472,0,940,1,7031,1,7457,1
53,12046,11,0,0,7472,0,514,1,501,1
54,12051,11,0,0,7472,0,960,1,511,1,503,1
55,12056,11,0,0,7472,0,577,1,908,1,1024,1
56,12061,11,0,0,7472,0,518,1,514,1,501,1
57,12066,11,0,0,7472,0,942,1,7031,1,7457,1
58,12042,12,0,0,7473,0,918,1,511,1,508,1,7454,1
59,12052,12,0,0,7473,0,966,1,956,1,951,1,579,1
60,12047,12,0,0,7473,0,510,1,507,1,508,1
61,12057,12,0,0,7473,0,577,1,7454,1,1062,1,515,1
62,12062,12,0,0,7473,0,7182,1,539,1,519,1,736,1
63,12067,12,0,0,7473,0,531,1,534,1,533,1,620,1
64,12063,13,0,0,7474,0,512,1,513,1,582,1,578,1,7452,1
65,12048,13,0,0,7474,0,518,1,509,1,7452,1
66,12043,13,0,0,7474,0,517,1,7031,1,511,1,7286,1,7455,1
67,12053,13,0,0,7474,0,966,1,961,1,518,1,7453,1
68,12058,13,0,0,7474,0,962,1,548,1,549,1,7453,1
69,12068,13,0,0,7474,0,516,1,549,1,633,1,7453,1
70,12049,14,0,0,7475,0,578,1,568,1,582,1,970,1,514,1
71,12054,14,0,0,7475,0,962,1,509,1,7194,1,7031,1,1024,1
72,12044,14,0,0,7475,0,517,1,507,1,508,1,511,1,7453,1,568,1
73,12064,14,0,0,7475,0,580,1,519,1,548,1,508,1,517,1,7453,1
74,12059,14,0,0,7475,0,577,1,7455,1,7066,1,515,1,1062,1
75,12069,14,0,0,7475,0,1054,1,945,1,509,1,579,1,7453,1
76,12050,15,0,0,7476,0,522,1,505,1,970,1,568,1,7452,1
77,12045,15,0,0,7476,0,516,1,518,1,7457,1,515,1,577,1
78,12065,15,0,0,7476,0,520,1,521,1,7100,1,7198,1,7453,1,7452,1
79,12060,15,0,0,7476,0,7006,1,1062,1,7482,1,520,1,507,1
80,12055,15,0,0,7476,0,553,1,508,1,7455,1,7456,1,511,1
81,12070,15,0,0,7476,0,904,1,1042,1,7198,1,7031,1,7457,1
82,12071,16,0,0,7477,0,517,1,518,1,508,1,522,1,954,1
83,12076,16,0,0,7477,0,581,1,533,1,921,1,970,1,7456,1
84,12091,16,0,0,7477,0,7164,1,539,1,548,1,519,1,620,1,7453,1
85,12086,16,0,0,7477,0,7286,1,567,1,7453,1,568,1
86,12081,16,0,0,7477,0,7188,1,1033,1,921,1,581,1,518,1
87,12096,16,0,0,7477,0,903,1,1015,1,705,1,1061,1,704,1
88,12072,17,0,0,7478,0,517,1,7098,1,1003,1,7455,1,1019,1,509,1
89,12077,17,0,0,7478,0,526,1,518,1,509,1,520,1,7452,1
90,12092,17,0,0,7478,0,580,1,522,1,7453,1,708,1,609,1,619,1
91,12087,17,0,0,7478,0,7003,1,1062,1,515,1,521,1,508,1,7452,1
92,12082,17,0,0,7478,0,1023,1,521,1,1028,1,579,1,537,1,7453,1
93,12097,17,0,0,7478,0,936,1,956,1,7194,1,517,1,581,1,966,1
94,12073,18,0,0,7479,0,948,1,515,1,1062,1,521,1,520,1,7454,1
95,12078,18,0,0,7479,0,576,1,520,1,610,1,521,1,526,1,7452,1
96,12093,18,0,0,7479,0,580,1,526,1,517,1,578,1,7455,1,548,1,7453,1
97,12088,18,0,0,7479,0,606,1,7455,1,517,1,520,1,1062,1,515,1
98,12083,18,0,0,7479,0,7298,1,517,1,622,1,1062,1,7454,1,577,1
99,12098,18,0,0,7479,0,578,1,577,1,7298,1,7452,1,7456,1,7454,1
100,12074,19,0,0,7480,0,1050,1,7482,1,548,1,7455,1,1003,1,511,1,1024,1
101,12079,19,0,0,7480,0,610,1,582,1,970,1,526,1,505,1,7452,1,521,1
102,12094,19,0,0,7480,0,619,1,582,1,578,1,7456,1,634,1,533,1,970,1
103,12089,19,0,0,7480,0,517,1,526,1,711,1,7454,1,508,1,509,1,507,1
104,12084,19,0,0,7480,0,7123,1,1037,1,610,1,526,1,7455,1,7456,1,632,1
105,12099,19,0,0,7480,0,702,1,605,1,606,1,970,1,526,1,7456,1,531,1
106,12075,20,0,0,7481,0,1015,1,7482,1,970,1,606,1,7455,1,526,1,610,1,505,1
107,12080,20,0,0,7481,0,1033,1,707,1,521,1,526,1,568,1,576,1,607,1,510,1
108,12095,20,0,0,7481,0,607,1,7066,1,7119,1,526,1,645,1,970,1,576,1,710,1
109,12090,20,0,0,7481,0,904,1,7125,1,606,1,610,1,621,1,526,1,7455,1,7482,1
110,12085,20,0,0,7481,0,929,1,934,1,608,1,605,1,950,1,7455,1,609,1,621,1
111,12100,20,0,0,7481,0,1022,1,706,1,1033,1,7100,1,610,1,7454,1,7452,1,709,1
